okkkkkkkkk

ssssssssssss
{
            "id":1545175620,
            "open":3637.83,
            "close":3641.61,
            "low":3636.77,
            "high":3646.68,
            "amount":78.6073119649431,
            "vol":286335.96765874,
            "count":340
        },